Starting IndependentCollector
0
0
0
0
0
0
0
0
0
0
0
0
0
0
0
7
84
304
974
2438
5006
8645
14599
22499
32191
44411
57902
74020
91236
108781
126649
144882
162733
179415
195321
209444
221684
233307
242393
249894
255650
260261
261466
264023
262866
260852
257683
254079
250240
242900
237692
231627
224220
217384
209747
201049
193193
185603
177867
170030
162580
154901
146961
140064
133101
126642
119877
114305
107572
102071
96552
91020
86912
81569
76951
72139
68250
64309
61079
56946
53777
51045
47709
44870
42208
39719
37357
34897
32788
31185
29122
27217
25910
24394
22897
21386
19890
18901
17675
16566
15433
14597
13638
12746
12052
11302
10409
9906
9472
8646
8232
7748
7323
6645
6356
5912
5487
5275
4872
4557
4431
4083
3764
3516
3328
3203
2804
2795
2524
2424
2243
2159
2031
1823
1754
1663
1385
1441
1324
1265
1137
1100
1045
971
929
835
809
755
699
669
640
556
529
519
474
465
425
390
353
340
327
311
282
260
248
239
248
200
211
190
155
164
170
137
125
113
124
123
94
96
69
74
88
77
64
71
60
54
47
40
40
46
57
29
33
33
38
35
29
34
26
30
23
25
12
12
14
15
19
8
4
12
8
10
6
6
12
8
9
11
7
8
5
8
4
2
7
2
4
5
3
7
9
2
5
3
0
3
0
5
3
2
0
2
0
2
0
0
0
1
2
2
3
1
2
2
0
1
1
0
0
0
1
1
1
0
0
0
0
2
0
1
0
0
0
0
0
0
0
2
0
0
0
0
0
0
0
0
0
0
0
0
0
0
0
0
0
0
0
0
0
0
0
0
0
0
0
0
0
0
0
0
0
0
0
0
0
0
0
0
0
0
0
0
0
0
0
1
0
0
0
0
0
0
0
0
0
0
0
0
0
0
0
0
0
0
0
0
0
0
0
0
0
0
0
0
0
0
0
0
0
0
0
0
0
0
0
0
0
0
0
0
0
0
0
0
0
0
0
0
0
0
0
0
0
0
0
0
0
0
0
0
0
0
0
0
0
0
0
0
0
0
0
0
0
0
0
0
0
0
0
0
0
0
0
0
0
0
0
0
0
0
0
0
0
0
0
0
0
0
0
0
0
0
0
0
0
0
0
0
0
0
0
0
0
0
0
0
0
0
0
0
0
0
0
0
0
0
0
0
0
0
0
0
0
0
0
0
0
0
0
0
0
0
0
0
0
0
0
0
0
0
0
0
0
0
0
0
0
0
0
0
0
0
0
0
0
0
0
0
0
0
0
0
0
0
0
0
0
0
0
0
0
0
0
0
0
0
0
0
0
0
0
0
0
0
0
0
0
0
0
0
0
0
0
0
0
0
0
0
0
0
0
0
0
0
0
0
0
0
0
0
0
0
0
0
0
0
0
0
0
0
0
0
0
0
0
0
0
0
0
0
0
0
0
0
0
0
0
0
0
0
0
0
0
0
0
0
0
0
0
0
0
0
0
0
0
0
0
0
Sum of frequencies: 10000000
Number of threads: 8
Execution time: 61370ms
