Starting IndependentCollector
0
0
0
0
0
0
0
0
0
0
0
0
0
0
0
15
80
336
1056
2347
4797
8853
14579
22314
32615
44385
58157
73922
90316
108638
126202
145587
162434
178954
194898
209565
221226
233633
243211
250505
256201
259987
262252
263980
263460
261017
258541
254327
249291
243711
237638
229969
224551
215873
209533
201586
192877
185854
178528
169892
161615
154900
147117
139882
133328
126824
120379
114293
107600
101789
96584
91645
86381
81688
76894
72431
68723
64306
60518
57294
54042
50650
47942
45110
42000
39923
37318
34973
33003
31108
28879
27088
25659
24151
22443
21237
19963
18832
17718
16512
15535
14605
13590
12721
12028
11286
10300
9883
9223
8734
8202
7812
7241
6629
6329
5929
5603
5154
4974
4597
4310
4095
3847
3462
3361
3062
2897
2747
2549
2399
2211
2138
2062
1869
1777
1658
1565
1441
1368
1291
1175
1091
1085
1039
908
873
820
763
686
623
611
574
596
510
478
468
417
366
407
357
326
321
281
292
255
206
209
221
212
180
177
159
146
154
136
130
105
115
94
86
98
74
74
57
73
75
57
52
55
53
46
44
37
44
30
26
31
35
28
30
31
24
21
12
19
15
21
21
21
17
4
13
12
8
9
14
12
4
7
7
7
5
8
10
2
3
2
6
2
4
5
5
3
2
4
1
4
0
2
4
3
4
0
1
5
2
2
0
1
2
0
0
1
0
3
0
0
0
1
1
0
0
1
1
2
0
1
0
0
1
0
1
0
0
0
0
0
0
1
1
0
1
0
0
1
1
1
0
0
0
0
0
0
0
0
0
0
0
0
0
0
0
0
0
0
0
0
0
0
0
0
0
0
0
0
0
0
0
0
0
0
0
0
0
0
0
0
0
0
0
0
0
0
0
0
0
0
0
0
0
0
0
0
0
0
0
0
0
0
0
0
0
0
0
0
0
0
0
0
0
0
0
0
0
0
0
0
0
0
0
0
0
0
0
0
0
0
0
0
0
0
0
0
0
0
0
0
0
0
0
0
0
0
0
0
0
0
0
0
0
0
0
0
0
0
0
0
0
0
0
0
0
0
0
0
0
0
0
0
0
0
0
0
0
0
0
0
0
0
0
0
0
0
0
0
0
0
0
0
0
0
0
0
0
0
0
0
0
0
0
0
0
0
0
0
0
0
0
0
0
0
0
0
0
0
0
0
0
0
0
0
0
0
0
0
0
0
0
0
0
0
0
0
0
0
0
0
0
0
0
0
0
0
0
0
0
0
0
0
0
0
0
0
0
0
0
0
0
0
0
0
0
0
0
0
0
0
0
0
0
0
0
0
0
0
0
0
0
0
0
0
0
0
0
0
0
0
0
0
0
0
0
0
0
0
0
0
0
0
0
0
0
0
0
0
0
0
0
0
0
0
0
0
0
0
0
0
0
0
0
0
0
0
0
0
0
0
0
0
0
0
0
0
0
0
0
0
0
0
0
0
0
0
0
0
0
0
0
0
0
Sum of frequencies: 10000000
Number of threads: 2
Execution time: 38056ms
