Starting IndependentCollector
0
0
0
0
0
0
0
0
0
0
0
0
0
0
0
7
70
377
1035
2443
4896
8828
14602
22559
32556
44244
58616
73540
90462
108325
126696
144745
162328
178916
195566
209251
222292
232997
242820
249514
255384
260911
262630
262993
262585
261384
258577
253559
249439
244059
238231
230610
224076
216784
208902
200926
192844
185725
178062
169588
162827
154843
147147
139629
133429
126724
120723
114136
108054
102064
96542
91030
86453
81369
77062
72514
68603
64406
60832
57453
53728
50647
47889
44947
42161
39617
37090
34980
33138
30924
29163
27640
25260
23913
22673
21441
20149
18913
17552
16668
15604
14310
13831
12715
11930
11428
10640
9960
9329
8805
8244
7827
7306
6931
6330
5899
5588
5300
4990
4640
4323
4120
3848
3470
3339
3180
2956
2766
2613
2419
2193
2157
2008
1809
1727
1638
1525
1410
1318
1273
1225
1123
1095
1004
926
851
764
735
708
697
588
588
586
503
483
436
424
395
352
323
296
297
295
270
257
234
207
179
182
177
175
163
164
163
137
116
125
95
109
100
100
86
81
72
83
67
53
61
59
64
38
43
40
36
35
38
26
30
35
35
22
12
22
28
19
14
21
13
12
13
19
6
14
11
16
14
9
4
5
8
7
7
5
4
5
2
5
4
3
1
2
6
7
2
6
4
2
2
1
3
2
3
0
3
0
2
1
1
0
0
0
0
0
0
1
0
2
0
1
0
0
0
0
0
1
0
2
0
0
2
0
0
1
1
1
0
0
0
0
0
0
0
0
0
0
0
0
0
0
0
0
0
0
0
0
0
0
0
0
1
0
0
0
0
0
0
0
0
0
0
0
0
0
0
0
0
0
0
0
0
0
0
0
0
0
0
0
0
0
0
0
0
0
0
0
0
0
0
0
0
0
0
0
0
0
0
0
0
0
0
0
0
0
0
0
0
0
0
0
0
0
0
0
0
0
0
0
0
0
0
0
0
0
0
0
0
0
0
0
0
0
0
0
0
0
0
0
0
0
0
0
0
0
0
0
0
0
0
0
0
0
0
0
0
0
0
0
0
0
0
0
0
0
0
0
0
0
0
0
0
0
0
0
0
0
0
0
0
0
0
0
0
0
0
0
0
0
0
0
0
0
0
0
0
0
0
0
0
0
0
0
0
0
0
0
0
0
0
0
0
0
0
0
0
0
0
0
0
0
0
0
0
0
0
0
0
0
0
0
0
0
0
0
0
0
0
0
0
0
0
0
0
0
0
0
0
0
0
0
0
0
0
0
0
0
0
0
0
0
0
0
0
0
0
0
0
0
0
0
0
0
0
0
0
0
0
0
0
0
0
0
0
0
0
0
0
0
0
0
0
0
0
0
0
0
0
0
0
0
0
0
0
0
0
0
0
0
0
0
0
0
0
0
0
0
0
0
0
0
0
0
0
0
0
0
0
0
0
0
0
0
0
0
0
0
0
0
0
0
0
0
0
0
0
0
0
0
0
0
0
Sum of frequencies: 10000000
Number of threads: 128
Execution time: 57197ms
