Starting IndependentCollector
0
0
0
0
0
0
0
0
0
0
0
0
0
0
0
5
88
355
1060
2416
4795
8848
14546
22717
32271
44807
57843
73175
90358
108884
125887
145577
162801
179042
194923
209397
222752
233382
242592
250346
256706
260031
260969
263047
262974
262038
258093
254345
250033
244927
237854
231023
223726
216620
208968
200696
193683
185574
177488
169746
162054
155810
147024
140570
133320
126515
120121
114522
107820
101586
96715
90664
86204
81414
76935
72725
68248
64238
60528
57063
54271
50820
47519
44783
42226
39363
37310
35166
32955
31126
28980
27514
25418
24135
22861
21356
20011
18435
17633
16422
15315
14646
13833
12710
12043
11197
10640
10038
9555
8746
8351
7577
6962
6740
6500
5893
5521
5266
4931
4625
4356
4085
3721
3522
3394
3071
2889
2619
2568
2434
2255
2191
2082
1994
1781
1667
1525
1449
1293
1301
1209
1124
1044
939
919
836
791
738
709
684
666
567
587
508
478
396
393
391
383
336
348
292
298
241
230
211
243
199
185
214
159
148
140
158
144
139
117
124
94
84
99
78
92
85
61
69
72
67
52
41
52
46
39
40
28
30
26
21
31
22
30
19
30
24
18
14
25
14
15
12
8
9
14
11
11
10
13
8
5
12
5
7
6
4
5
7
7
5
5
2
4
0
1
2
3
6
6
2
2
3
3
1
2
0
5
1
1
2
0
0
2
1
0
0
0
3
1
0
1
0
0
0
0
0
0
0
1
0
0
0
1
0
0
0
0
0
0
0
0
0
0
0
0
0
0
0
0
0
0
0
0
0
0
0
0
0
0
0
0
0
0
0
0
0
0
0
0
0
0
0
0
0
0
0
0
0
0
0
0
0
0
0
0
0
0
0
0
0
0
0
0
0
0
0
0
0
0
0
0
0
0
0
0
0
0
0
0
0
0
0
0
0
0
0
0
0
0
0
0
0
0
0
0
0
0
0
0
0
0
0
0
0
0
0
0
0
0
0
0
0
0
0
0
0
0
0
0
0
0
0
0
0
0
0
0
0
0
0
0
0
0
0
0
0
0
0
0
0
0
0
0
0
0
0
0
0
0
0
0
0
0
0
0
0
0
0
0
0
0
0
0
0
0
0
0
0
0
0
0
0
0
0
0
0
0
0
0
0
0
0
0
0
0
0
0
0
0
0
0
0
0
0
0
0
0
0
0
0
0
0
0
0
0
0
0
0
0
0
0
0
0
0
0
0
0
0
0
0
0
0
0
0
0
0
0
0
0
0
0
0
0
0
0
0
0
0
0
0
0
0
0
0
0
0
0
0
0
0
0
0
0
0
0
0
0
0
0
0
0
0
0
0
0
0
0
0
0
0
0
0
0
0
0
0
0
0
0
0
0
0
0
0
0
0
0
0
0
0
0
0
0
0
0
0
0
0
0
0
0
0
0
0
0
0
0
0
0
0
0
0
0
0
0
0
0
0
0
0
0
0
0
0
0
0
0
0
0
0
0
0
Sum of frequencies: 10000000
Number of threads: 4
Execution time: 42272ms
