Starting IndependentCollector
0
0
0
0
0
0
0
0
0
0
0
0
0
0
0
6
80
335
1026
2447
4919
8977
14577
22120
31970
44783
58373
73424
91335
108572
127184
144890
161720
179695
195024
209197
222386
232161
242698
249804
255522
260230
262619
263841
262256
260560
257901
253920
249928
244261
237682
232230
223904
216867
208599
200632
193771
185758
178294
169726
163068
154327
147006
140676
133467
125881
120262
113303
107951
102014
96521
91480
86035
81412
76700
72604
68180
64669
60788
57692
53490
50752
47518
44899
42378
39751
37625
35076
33054
30706
29074
27740
25936
24199
22488
21326
20137
18785
17599
16606
15500
14727
13702
12634
12104
11426
10713
9869
9380
8558
8164
7659
7224
6798
6400
6066
5600
5091
5062
4507
4320
4137
3804
3597
3354
3199
2949
2706
2586
2381
2320
2154
2052
1873
1754
1663
1553
1451
1371
1257
1208
1086
1049
956
863
906
853
776
705
689
629
570
526
480
463
477
434
444
367
332
320
333
271
255
269
245
223
214
184
171
157
161
149
152
128
122
121
92
105
85
93
67
71
67
65
65
48
41
50
41
49
41
46
46
30
35
37
32
39
22
25
27
22
21
20
17
18
13
12
16
18
12
8
13
10
7
7
11
5
9
6
8
4
4
5
3
3
5
4
3
9
2
2
5
3
3
3
4
1
3
1
3
0
3
3
2
0
1
1
2
0
1
1
1
0
1
0
0
1
1
0
0
1
1
0
1
1
0
0
0
1
0
0
0
0
0
0
0
0
0
0
0
0
0
0
0
0
0
0
0
0
0
0
0
1
0
0
1
0
0
0
0
1
0
0
0
0
0
0
0
0
0
0
0
0
0
0
0
0
0
0
0
0
0
0
0
0
0
0
0
0
0
0
0
0
0
0
0
0
0
0
0
0
0
0
0
0
0
0
0
0
0
0
0
0
0
0
0
0
0
0
0
0
0
0
0
0
0
0
0
0
0
0
0
0
0
0
0
0
0
0
0
0
0
0
0
0
0
0
0
0
0
0
0
0
0
0
0
0
0
0
0
0
0
0
0
0
0
0
0
0
0
0
0
0
0
0
0
0
0
0
0
0
0
0
0
0
0
0
0
0
0
0
0
0
0
0
0
0
0
0
0
0
0
0
0
0
0
0
0
0
0
0
0
0
0
0
0
0
0
0
0
0
0
0
0
0
0
0
0
0
0
0
0
0
0
0
0
0
0
0
0
0
0
0
0
0
0
0
0
0
0
0
0
0
0
0
0
0
0
0
0
0
0
0
0
0
0
0
0
0
0
0
0
0
0
0
0
0
0
0
0
0
0
0
0
0
0
0
0
0
0
0
0
0
0
0
0
0
0
0
0
0
0
0
0
0
0
0
0
0
0
0
0
0
0
0
0
0
0
0
0
0
0
0
0
0
0
0
0
0
0
0
0
0
0
0
0
0
0
0
0
0
0
0
0
0
0
0
0
0
0
0
0
0
0
0
0
0
0
Sum of frequencies: 10000000
Number of threads: 32
Execution time: 61183ms
