Starting IndependentCollector
0
0
0
0
0
0
0
0
0
0
0
0
0
0
0
9
79
339
969
2398
4892
8960
14436
22455
32564
44459
58156
74511
91495
108409
127043
144785
162413
179448
195382
209920
222405
232550
242928
250198
254688
259950
262188
263657
262925
260498
258074
253613
249380
244163
237882
231258
224332
216844
209154
201488
193095
185724
177962
169284
162291
154593
147867
140312
133393
126182
120336
114091
107907
101451
96299
92145
86334
81067
76644
72861
67965
64406
60387
57335
54236
50619
47372
45036
42171
40132
37261
35014
33044
31043
29074
27419
25796
23888
22557
21367
20217
18618
17635
16615
15592
14737
13490
12729
12055
11285
10748
9794
9198
8760
8019
7555
7283
6807
6257
5984
5574
5333
4984
4592
4286
4039
3865
3519
3281
3102
2981
2670
2531
2415
2294
2087
1942
1882
1761
1683
1578
1453
1331
1280
1209
1053
1033
973
902
836
864
714
713
598
581
599
534
510
487
405
426
389
417
375
347
333
279
284
252
209
225
204
196
188
188
126
140
146
125
142
137
114
98
75
103
92
76
69
74
73
50
55
51
56
53
45
45
53
33
33
46
33
32
24
18
25
20
16
26
23
17
16
22
16
10
10
11
9
8
8
12
12
10
6
4
7
4
3
5
2
3
4
1
5
4
1
3
2
3
6
3
2
2
0
2
1
2
0
1
0
0
0
0
0
0
1
0
0
2
0
1
0
1
0
0
1
1
0
1
0
1
0
0
0
1
0
0
0
0
0
1
0
0
0
0
0
0
0
0
0
0
0
0
0
0
0
0
0
0
0
0
1
0
0
2
1
0
0
0
0
0
0
0
0
0
0
0
0
0
0
0
0
0
0
0
0
0
0
0
0
0
0
0
0
0
0
0
0
0
0
0
0
0
0
0
0
0
0
0
0
0
0
0
0
0
0
0
0
0
0
0
0
0
0
0
0
0
0
0
0
0
0
0
0
0
0
0
0
0
0
0
0
0
0
0
0
0
0
0
0
0
0
0
0
0
0
0
0
0
0
0
0
0
0
0
0
0
0
0
0
0
0
0
0
0
0
0
0
0
0
0
0
0
0
0
0
0
0
0
0
0
0
0
0
0
0
0
0
0
0
0
0
0
0
0
0
0
0
0
0
0
0
0
0
0
0
0
0
0
0
0
0
0
0
0
0
0
0
0
0
0
0
0
0
0
0
0
0
0
0
0
0
0
0
0
0
0
0
0
0
0
0
0
0
0
0
0
0
0
0
0
0
0
0
0
0
0
0
0
0
0
0
0
0
0
0
0
0
0
0
0
0
0
0
0
0
0
0
0
0
0
0
0
0
0
0
0
0
0
0
0
0
0
0
0
0
0
0
0
0
0
0
0
0
0
0
0
0
0
0
0
0
0
0
0
0
0
0
0
0
0
0
0
0
0
0
0
0
0
0
0
0
0
0
0
0
0
0
0
0
0
0
0
0
0
0
0
0
0
0
0
0
0
0
Sum of frequencies: 10000000
Number of threads: 16
Execution time: 57781ms
