Starting Synchronized Collector
0
0
0
0
0
0
0
0
0
0
0
0
0
0
0
13
83
352
989
2313
4873
8900
14556
22477
32155
44508
58594
73899
90485
108420
126772
145361
162693
178580
194460
209265
222624
232573
241387
250628
256385
260416
262351
263247
263254
261547
258033
255067
249351
244523
238287
230327
224733
216531
208868
200998
194071
184722
177661
169709
162499
154726
147507
139884
132460
126913
120383
114409
107724
101931
96190
91049
86443
81591
76714
72515
68557
64556
61056
57424
53916
50542
47577
44634
42061
39553
37485
35150
32927
31089
29184
27555
25815
24239
22655
21235
20177
18459
17542
16587
15556
14502
13679
12732
11923
11283
10687
9945
9311
8665
8277
7644
7253
6716
6351
5875
5501
5215
4863
4548
4425
3999
3867
3592
3341
3142
2932
2748
2577
2343
2282
2129
2005
1837
1711
1693
1468
1404
1341
1282
1160
1125
1033
991
922
913
797
760
698
704
630
606
560
491
475
473
410
422
368
348
387
311
302
273
270
248
209
213
201
180
160
172
157
137
127
114
117
101
99
88
91
94
77
82
82
61
65
44
65
52
56
50
37
32
29
33
25
35
27
25
22
30
22
21
9
17
14
17
15
12
15
11
8
18
8
12
9
7
7
7
8
4
4
12
4
5
8
5
5
4
2
3
0
3
1
4
5
5
4
2
4
0
3
3
1
1
1
1
5
0
0
1
2
0
1
0
0
1
1
1
0
0
1
0
0
2
0
0
0
0
0
1
0
0
0
0
0
0
0
0
0
0
0
0
0
0
0
0
0
0
0
0
0
0
0
0
0
0
0
0
0
0
0
0
0
0
0
0
0
0
0
0
0
0
0
0
0
0
0
0
0
0
0
0
0
0
0
0
0
0
0
0
0
0
0
0
0
0
0
0
0
0
0
0
0
0
0
0
0
0
0
0
0
0
0
0
0
0
0
0
0
0
0
0
0
0
0
0
0
0
0
0
0
0
0
0
0
0
0
0
0
0
0
0
0
0
0
0
0
0
0
0
0
0
0
0
0
0
0
0
0
0
0
0
0
0
0
0
0
0
0
0
0
0
0
0
0
0
0
0
0
0
0
0
0
0
0
0
0
0
0
0
0
0
0
0
0
0
0
0
0
0
0
0
0
0
0
0
0
0
0
0
0
0
0
0
0
0
0
0
0
0
0
0
0
0
0
0
0
0
0
0
0
0
0
0
0
0
0
0
0
0
0
0
0
0
0
0
0
0
0
0
0
0
0
0
0
0
0
0
0
0
0
0
0
0
0
0
0
0
0
0
0
0
0
0
0
0
0
0
0
0
0
0
0
0
0
0
0
0
0
0
0
0
0
0
0
0
0
0
0
0
0
0
0
0
0
0
0
0
0
0
0
0
0
0
0
0
0
0
0
0
0
0
0
0
0
0
0
0
0
0
0
0
0
0
0
0
0
0
0
0
0
0
0
0
0
0
0
0
0
0
0
0
0
0
0
0
0
0
Sum of frequencies: 9999811
Number of threads: 8
Execution time: 60961ms
