Starting Synchronized Collector
0
0
0
0
0
0
0
0
0
0
0
0
0
0
0
15
87
330
998
2313
4910
8846
14771
22752
32325
44538
58178
74185
91046
108338
127117
144752
161997
179095
194611
209557
222206
232230
242304
250455
255448
260295
262517
263729
262578
262034
257453
255456
249547
243722
237956
231093
223436
216844
209307
202898
193102
185242
177725
170565
161679
155239
147605
140581
132697
127436
119984
113528
107793
101772
96265
91192
86398
81220
76545
73094
68255
64460
60944
56698
53824
50447
47923
44539
41764
39778
37362
35177
33332
30919
29119
27357
25533
24118
22461
21483
19970
18488
17510
16532
15311
14698
13702
12761
12117
11360
10719
9842
9309
8670
8089
7667
7337
6763
6262
5958
5559
5304
4919
4628
4268
4075
3774
3569
3352
3149
2913
2761
2515
2435
2244
2118
1944
1824
1703
1674
1522
1407
1333
1275
1188
1079
1049
950
918
869
770
750
730
696
638
569
551
467
522
441
427
400
371
339
330
312
303
288
235
221
217
220
192
182
157
168
139
139
112
140
137
110
102
81
103
81
92
94
52
65
62
63
41
51
48
49
34
36
44
29
26
30
20
25
19
13
23
16
19
18
9
13
17
12
14
10
15
9
13
12
10
5
5
9
10
4
8
9
2
3
4
2
2
7
5
6
2
3
4
1
1
4
2
0
2
2
2
1
1
2
0
1
0
3
1
3
0
0
0
0
4
0
0
0
1
1
1
0
1
0
0
0
0
0
0
0
0
0
1
0
0
0
0
0
0
0
0
0
0
0
0
0
0
0
0
0
0
1
0
0
0
0
0
0
0
0
0
0
0
0
0
0
0
0
0
0
0
0
0
0
0
0
0
0
0
0
0
0
0
0
0
0
0
0
0
0
0
0
0
0
1
0
0
0
0
0
0
0
0
0
0
0
0
0
0
0
0
0
0
0
0
0
0
0
0
0
0
0
0
0
0
0
0
0
0
0
0
0
0
0
0
0
0
0
0
0
0
0
0
0
0
0
0
0
0
0
0
0
0
0
0
0
0
0
0
0
0
0
0
0
0
0
0
0
0
0
0
0
0
0
0
0
0
0
0
0
0
0
0
0
0
0
0
0
0
0
0
0
0
0
0
0
0
0
0
0
0
0
0
0
0
0
0
0
0
0
0
0
0
0
0
0
0
0
0
0
0
0
0
0
0
0
0
0
0
0
0
0
0
0
0
0
0
0
0
0
0
0
0
0
0
0
0
0
0
0
0
0
0
0
0
0
0
0
0
0
0
0
0
0
0
0
0
0
0
0
0
0
0
0
0
0
0
0
0
0
0
0
0
0
0
0
0
0
0
0
0
0
0
0
0
0
0
0
0
0
0
0
0
0
0
0
0
0
0
0
0
0
0
0
0
0
0
0
0
0
0
0
0
0
0
0
0
0
0
0
0
0
0
0
0
0
0
0
0
0
0
0
0
0
0
0
0
0
0
0
0
0
0
0
0
0
0
0
Sum of frequencies: 9999677
Number of threads: 16
Execution time: 50649ms
