Starting IndependentCollector
0
0
0
0
0
0
0
0
0
0
0
0
0
0
0
14
72
348
1020
2433
4857
9027
14651
22432
32378
44325
57904
73765
91282
107911
126186
144031
162682
179005
195087
209404
222830
232825
242894
249689
255884
259686
262704
263548
263203
261052
258320
253721
248516
243621
237710
231768
223957
216323
209447
201721
193002
186322
177791
169702
162728
154758
147937
140724
133185
127008
120110
113967
107562
102142
96702
90723
86421
81644
76910
72393
67751
64007
61160
57644
53620
50531
47869
44747
42059
39489
37519
35036
33212
31429
29229
27471
25685
24189
22442
21101
19981
19055
17610
16521
15682
14601
13686
12764
12028
11269
10668
9874
9400
8951
8236
7711
7266
6773
6231
6069
5645
5231
4759
4563
4329
4085
3801
3527
3331
3128
2860
2740
2707
2378
2240
2129
2049
1821
1732
1630
1553
1354
1389
1274
1170
1110
1020
993
941
933
769
786
738
679
621
586
576
516
474
473
437
373
349
362
319
310
294
284
279
233
237
205
213
191
162
182
158
142
137
129
104
131
102
88
87
88
85
73
60
49
62
51
48
45
51
43
53
25
34
25
36
30
36
21
20
22
36
20
19
23
19
14
21
16
11
16
9
12
12
5
14
4
4
5
4
3
9
7
5
2
6
5
0
4
5
5
3
2
2
3
3
1
2
2
3
1
0
6
0
0
3
1
1
0
2
2
0
5
0
2
0
0
2
0
0
0
0
0
1
1
0
0
0
0
0
0
0
0
0
0
0
0
0
0
0
0
0
0
1
0
0
0
0
0
0
0
0
0
1
0
0
0
0
0
0
0
0
0
0
0
0
0
0
0
0
0
0
0
0
0
0
0
0
0
0
0
0
0
0
0
0
0
0
0
0
0
0
0
0
0
0
0
0
0
0
0
0
0
0
0
0
0
0
0
0
0
0
0
0
0
0
0
0
0
0
0
0
0
0
0
0
0
0
0
0
0
0
0
0
0
0
0
0
0
0
0
0
0
0
0
0
0
0
0
0
0
0
0
0
0
0
0
0
0
0
0
0
0
0
0
0
0
0
0
0
0
0
0
0
0
0
0
0
0
0
0
0
0
0
0
0
0
0
0
0
0
0
0
0
0
0
0
0
0
0
0
0
0
0
0
0
0
0
0
0
0
0
0
0
0
0
0
0
0
0
0
0
0
0
0
0
0
0
0
0
0
0
0
0
0
0
0
0
0
0
0
0
0
0
0
0
0
0
0
0
0
0
0
0
0
0
0
0
0
0
0
0
0
0
0
0
0
0
0
0
0
0
0
0
0
0
0
0
0
0
0
0
0
0
0
0
0
0
0
0
0
0
0
0
0
0
0
0
0
0
0
0
0
0
0
0
0
0
0
0
0
0
0
0
0
0
0
0
0
0
0
0
0
0
0
0
0
0
0
0
0
0
0
0
0
0
0
0
0
0
0
0
0
0
0
0
0
0
0
0
0
0
0
0
0
0
0
0
0
Sum of frequencies: 10000000
Number of threads: 1
Execution time: 34232ms
