Starting IndependentCollector
0
0
0
0
0
0
0
0
0
0
0
0
0
0
0
6
84
388
929
2349
4857
8846
14625
22505
32270
44491
58198
74022
91151
108752
127300
145161
162274
180095
195117
209128
222060
233228
242182
249776
255817
259558
262885
262861
262849
260902
257927
253285
250023
244226
238540
231027
223512
216415
208946
202002
193399
185866
177812
169204
162459
155407
147569
140565
133222
126934
119652
114159
107754
101622
96143
90778
86816
81320
76535
72690
68390
64320
60313
56964
53464
50753
47343
44930
42149
39924
37298
35340
33136
31123
29234
27171
25663
24253
22789
21477
19930
18628
17629
16836
15643
14530
13710
12738
11881
11238
10751
9934
9309
8641
8259
7593
7188
6792
6468
5971
5589
5239
4852
4648
4412
4121
3755
3584
3384
3119
2969
2783
2622
2386
2242
2020
1956
1922
1773
1648
1571
1460
1320
1245
1235
1138
1099
958
916
877
761
768
720
678
606
575
561
545
512
409
450
360
344
322
317
333
313
282
262
220
234
205
213
217
185
142
145
135
129
139
122
103
96
97
99
86
75
69
71
69
64
64
54
57
46
49
43
46
33
23
30
26
31
33
25
34
20
22
17
18
18
13
17
16
12
13
4
8
13
14
5
4
8
7
9
11
4
13
8
4
3
5
3
4
2
2
6
2
3
4
1
1
4
4
2
2
4
1
1
0
0
1
1
0
2
1
0
1
1
1
1
0
1
1
1
0
0
0
2
0
0
0
0
0
1
0
1
0
0
0
1
1
0
0
0
0
0
1
0
0
1
0
0
0
0
0
0
0
0
0
0
0
0
0
0
0
0
0
0
0
0
0
0
0
0
0
0
0
0
0
0
0
0
0
0
0
0
0
0
0
0
0
0
0
0
0
0
0
0
0
0
0
0
0
0
0
0
0
0
0
0
0
0
0
0
0
0
0
0
0
0
0
0
0
0
0
0
0
0
0
0
0
0
0
0
0
0
0
0
0
0
0
0
0
0
0
0
0
0
0
0
0
0
0
0
0
0
0
0
0
0
0
0
0
0
0
0
0
0
0
0
0
0
0
0
0
0
0
0
0
0
0
0
0
0
0
0
0
0
0
0
0
0
0
0
0
0
0
0
0
0
0
0
0
0
0
0
0
0
0
0
0
0
0
0
0
0
0
0
0
0
0
0
0
0
0
0
0
0
0
0
0
0
0
0
0
0
0
0
0
0
0
0
0
0
0
0
0
0
0
0
0
0
0
0
0
0
0
0
0
0
0
0
0
0
0
0
0
0
0
0
0
0
0
0
0
0
0
0
0
0
0
0
0
0
0
0
0
0
0
0
0
0
0
0
0
0
0
0
0
0
0
0
0
0
0
0
0
0
0
0
0
0
0
0
0
0
0
0
0
0
0
0
0
0
0
0
0
0
0
0
0
0
0
0
0
0
0
0
0
0
0
0
0
0
0
0
0
0
0
0
0
0
0
0
0
0
0
0
0
0
0
0
0
Sum of frequencies: 10000000
Number of threads: 64
Execution time: 61379ms
