Starting Synchronized Collector
0
0
0
0
0
0
0
0
0
0
0
0
0
0
0
6
72
316
1052
2418
4928
8752
14679
22194
32697
44184
58019
74292
91145
108241
126513
145299
162257
179900
196251
208478
222958
233074
242125
250463
255278
259642
262765
263083
262145
261105
258108
253918
249610
244026
237927
231222
224144
216658
209119
201194
193141
185909
177527
169113
162275
154965
147214
140129
133757
126897
120084
113823
107667
101694
96708
91293
85770
81849
77058
72715
68664
64282
60640
57480
53625
50648
48224
44903
42140
39795
37050
35176
32998
31294
28850
27277
25845
24230
22599
21178
20223
18631
17752
16467
15573
14520
13693
12863
11963
11512
10485
9740
9369
8755
8163
7639
7209
6719
6292
5958
5529
5134
4950
4465
4369
3950
3796
3600
3296
3095
2980
2746
2526
2374
2244
2227
1990
1861
1740
1564
1501
1417
1312
1261
1196
1108
1118
930
921
849
849
765
718
683
641
575
553
485
487
428
453
423
367
362
313
317
294
245
300
241
206
220
200
166
154
174
160
139
127
132
132
121
120
99
101
82
62
75
61
66
53
60
60
75
41
45
43
36
34
28
21
38
36
40
19
17
22
15
18
13
12
14
13
7
16
15
10
11
11
13
4
12
7
11
10
10
8
8
8
5
2
5
10
3
1
6
1
2
2
3
1
1
5
2
0
3
0
1
1
0
3
0
1
1
2
0
1
1
0
0
0
0
1
0
0
0
1
2
0
0
0
0
1
1
1
0
0
0
0
0
0
1
1
0
0
0
0
0
0
0
0
0
0
0
0
0
0
0
0
0
0
0
0
0
0
0
0
0
0
0
0
0
0
0
0
0
0
0
0
0
0
0
0
0
0
0
0
0
0
0
0
0
0
0
0
0
0
0
0
0
0
0
0
0
0
0
0
0
0
0
0
0
0
0
0
0
0
0
0
0
0
0
0
0
0
0
0
0
0
0
0
0
0
0
0
0
0
0
0
0
1
0
0
0
0
0
0
0
0
0
0
0
0
0
0
0
0
0
0
0
0
0
0
0
0
0
0
0
0
0
0
0
0
0
0
0
0
0
0
0
0
0
0
0
0
0
0
0
0
0
0
0
0
0
0
0
0
0
0
0
0
0
0
0
0
0
0
0
0
0
0
0
0
0
0
0
0
0
0
0
0
0
0
0
0
0
0
0
0
0
0
0
0
0
0
0
0
0
0
0
0
0
0
0
0
0
0
0
0
0
0
0
0
0
0
0
0
0
0
0
0
0
0
0
0
0
0
0
0
0
0
0
0
0
0
0
0
0
0
0
0
0
0
0
0
0
0
0
0
0
0
0
0
0
0
0
0
0
0
0
0
0
0
0
0
0
0
0
0
0
0
0
0
0
0
0
0
0
0
0
0
0
0
0
0
0
0
0
0
0
0
0
0
0
0
0
0
0
0
0
0
0
0
0
0
0
0
0
0
0
0
0
0
0
0
0
0
0
0
0
0
0
0
0
Sum of frequencies: 9999401
Number of threads: 4
Execution time: 35816ms
