Starting Synchronized Collector
0
0
0
0
0
0
0
0
0
0
0
0
0
0
0
14
77
355
1036
2375
4977
8942
14691
22181
31730
44114
58480
74069
90724
108550
126507
144775
161608
179471
195821
209702
221148
233172
243147
250905
255528
259947
261822
263714
263233
260884
258165
255187
249539
244005
237142
231430
224319
217281
208721
201311
193282
185824
178039
170998
162367
154751
147139
140134
132802
126681
119934
113996
107766
101911
96770
91455
85928
81224
77084
72544
68269
64436
60451
57069
53675
50751
47723
44672
42183
39755
37413
34974
33232
31144
28914
27116
25706
24039
22755
21379
19865
18753
17383
16444
15524
14708
13538
12778
12025
11493
10709
9953
9165
8794
8252
7690
6968
6731
6268
6023
5714
5228
4809
4617
4408
4074
3850
3608
3231
3201
2936
2791
2628
2366
2296
2084
1884
1896
1738
1655
1611
1439
1368
1294
1224
1128
1011
958
913
866
796
729
729
610
644
600
534
499
487
465
413
414
375
332
328
323
270
258
258
229
221
235
188
202
194
168
138
152
133
117
111
111
109
86
89
89
72
62
68
70
60
50
68
45
44
46
32
35
49
44
28
24
36
25
25
30
26
20
9
21
14
21
17
15
11
14
11
5
11
5
11
10
11
10
6
3
7
6
6
4
5
4
3
5
2
4
0
3
1
1
4
1
2
3
3
2
1
0
2
1
1
3
1
1
0
2
2
0
1
1
1
1
0
0
2
0
0
0
2
0
0
0
0
0
0
0
1
0
0
0
0
0
0
0
0
0
0
0
0
1
0
0
0
0
0
0
0
1
0
0
0
0
0
0
0
0
0
0
0
1
0
0
0
0
1
0
0
0
0
0
0
0
0
0
0
0
0
0
0
0
0
0
0
0
0
0
0
0
0
0
0
0
0
0
0
0
0
0
0
0
0
0
0
0
0
0
0
0
0
0
0
0
0
0
0
0
0
0
0
0
0
0
0
0
0
0
0
0
0
0
0
0
0
0
0
0
0
0
0
0
0
0
0
0
0
0
0
0
0
0
0
0
0
0
0
0
0
0
0
0
0
0
0
0
0
0
0
0
0
0
0
0
0
0
0
0
0
0
0
0
0
0
0
0
0
0
0
0
0
0
0
0
0
0
0
0
0
0
0
0
0
0
0
0
0
0
0
0
0
0
0
0
0
0
0
0
0
0
0
0
0
0
0
0
0
0
0
0
0
0
0
0
0
0
0
0
0
0
0
0
0
0
0
0
0
0
0
0
0
0
0
0
0
0
0
0
0
0
0
0
0
0
0
0
0
0
0
0
0
0
0
0
0
0
0
0
0
0
0
0
0
0
0
0
0
0
0
0
0
0
0
0
0
0
0
0
0
0
0
0
0
0
0
0
0
0
0
0
0
0
0
0
0
0
0
0
0
0
0
0
0
0
0
0
0
0
0
0
0
0
0
0
0
0
0
0
0
0
0
0
0
0
0
0
0
0
0
0
0
0
0
0
0
0
Sum of frequencies: 9999867
Number of threads: 32
Execution time: 59971ms
