Starting Synchronized Collector
0
0
0
0
0
0
0
0
0
0
0
0
0
0
0
8
85
359
1042
2410
4987
8921
14404
22531
32085
44259
58719
73676
90104
108706
127141
144436
163293
179586
194991
209427
221913
233081
242060
250410
257286
260479
262404
262685
263335
260069
257960
253542
249027
244487
236832
230912
223115
217125
209388
201315
193962
185452
177489
170313
161905
154727
146938
140280
133326
126828
120154
114417
108022
102419
96764
91189
86331
81245
76822
72363
68357
64488
60893
56757
53671
50936
47911
45105
42158
39782
37428
35488
33165
30892
29610
27376
25843
24289
22703
20990
19939
18593
17690
16527
15609
14626
13666
12761
11929
11119
10335
9923
9332
8804
8191
7477
7183
6795
6417
6036
5585
5284
4834
4672
4340
3923
3788
3504
3441
3217
2756
2746
2625
2491
2225
2175
2024
1859
1734
1627
1548
1470
1385
1276
1177
1056
1010
1035
913
804
823
812
727
722
620
607
559
512
471
454
415
438
329
347
348
328
301
288
240
262
205
219
189
185
164
156
141
147
142
118
127
112
120
94
86
78
82
61
69
73
60
56
55
46
44
44
44
44
35
33
28
29
32
20
30
20
24
18
26
11
15
16
20
19
16
12
7
14
11
11
7
6
5
4
11
3
7
6
5
7
3
7
1
4
3
6
3
2
1
3
5
3
1
2
3
1
3
1
2
1
0
1
2
0
0
0
0
0
0
2
0
1
0
0
1
0
2
0
0
1
0
0
1
0
0
0
0
0
0
0
0
0
0
0
0
0
0
0
0
0
0
0
0
0
1
0
0
0
0
0
0
0
1
0
0
1
0
0
0
0
0
0
0
0
0
0
0
0
0
0
0
0
0
0
0
0
0
0
0
0
0
0
0
0
0
0
0
0
0
0
0
0
0
0
0
0
0
0
0
0
0
0
0
0
0
0
0
0
0
0
0
0
0
0
0
0
0
0
0
0
0
0
0
0
0
0
0
0
0
0
0
0
0
0
0
0
0
0
0
0
0
0
0
0
0
0
0
0
0
0
0
0
0
0
0
0
0
0
0
0
0
0
0
0
0
0
0
0
0
0
0
0
0
0
0
0
0
0
0
0
0
0
0
0
0
0
0
0
0
0
0
0
0
0
0
0
0
0
0
0
0
0
0
0
0
0
0
0
0
0
0
0
0
0
0
0
0
0
0
0
0
0
0
0
0
0
0
0
0
0
0
0
0
0
0
0
0
0
0
0
0
0
0
0
0
0
0
0
0
0
0
0
0
0
0
0
0
0
0
0
0
0
0
0
0
0
0
0
0
0
0
0
0
0
0
0
0
0
0
0
0
0
0
0
0
0
0
0
0
0
0
0
0
0
0
0
0
0
0
0
0
0
0
0
0
0
0
0
0
0
0
0
0
0
0
0
0
0
0
0
0
0
0
0
0
0
0
0
0
0
0
0
0
0
0
0
0
0
0
0
0
0
0
0
0
0
0
0
0
0
0
0
0
0
Sum of frequencies: 10000000
Number of threads: 1
Execution time: 33231ms
