Starting Synchronized Collector
0
0
0
0
0
0
0
0
0
0
0
0
0
0
0
9
81
350
995
2362
4810
8861
14437
22483
32572
44343
58820
74804
90993
108778
125930
145096
163498
179640
194952
209017
222150
233747
243271
250345
255581
259481
262272
263619
262443
260543
257825
254295
249557
244184
237006
231956
223982
217015
208781
201357
194003
184972
177345
170367
162438
154335
147534
140050
132966
126118
119662
114098
107543
101656
97077
91121
85865
81529
76881
72846
68365
64261
60898
57011
53767
50856
47405
44706
42231
39837
37273
35134
33003
31276
29447
27233
25708
24251
22837
21178
19770
18893
17505
16486
15494
14359
13475
12613
12153
11490
10719
9816
9435
8815
8124
7699
7071
6729
6288
5983
5546
5298
4845
4630
4437
4040
3691
3522
3376
3123
2960
2704
2567
2396
2298
2204
1951
1815
1754
1611
1576
1465
1369
1277
1187
1105
1046
968
926
859
777
794
708
593
672
629
539
544
446
500
396
381
374
364
324
318
269
256
248
240
226
226
190
176
169
173
156
142
133
119
111
86
110
97
94
79
76
83
67
69
70
64
55
50
45
41
37
33
34
36
41
30
28
30
19
29
31
13
16
23
20
12
12
12
9
12
11
13
15
4
8
5
6
12
5
4
9
6
2
5
2
1
2
1
2
5
1
6
4
3
1
1
2
3
0
3
0
3
4
0
2
1
3
1
1
1
2
1
0
2
0
0
0
0
0
0
2
0
0
0
0
0
0
0
0
0
0
0
0
0
0
0
0
0
0
0
0
0
0
0
1
0
0
0
0
0
0
0
0
0
0
1
0
0
0
0
0
0
0
0
0
0
0
0
0
0
0
0
0
0
0
0
0
0
0
0
0
0
1
0
0
0
0
0
0
0
0
0
0
0
0
0
0
0
0
0
0
0
0
0
0
0
0
0
0
0
0
0
0
0
0
0
0
0
0
0
0
0
0
0
0
0
0
0
0
0
0
0
0
0
0
0
0
0
0
0
0
0
0
0
0
0
0
0
0
0
0
0
0
0
0
0
0
0
0
0
0
0
0
0
0
0
0
0
0
0
0
0
0
0
0
0
0
0
0
0
0
0
0
0
0
0
0
0
0
0
0
0
0
0
0
0
0
0
0
0
0
0
0
0
0
0
0
0
0
0
0
0
0
0
0
0
0
0
0
0
0
0
0
0
0
0
0
0
0
0
0
0
0
0
0
0
0
0
0
0
0
0
0
0
0
0
0
0
0
0
0
0
0
0
0
0
0
0
0
0
0
0
0
0
0
0
0
0
0
0
0
0
0
0
0
0
0
0
0
0
0
0
0
0
0
0
0
0
0
0
0
0
0
0
0
0
0
0
0
0
0
0
0
0
0
0
0
0
0
0
0
0
0
0
0
0
0
0
0
0
0
0
0
0
0
0
0
0
0
0
0
0
0
0
0
0
0
0
0
0
0
0
0
0
0
0
0
0
0
0
0
0
0
0
0
0
0
0
Sum of frequencies: 9999711
Number of threads: 2
Execution time: 38632ms
