Starting Synchronized Collector
0
0
0
0
0
0
0
0
0
0
0
0
0
0
0
11
98
329
1017
2353
5002
8655
14504
22605
32311
44641
57805
73994
91268
108654
126266
144647
161832
180128
195379
208438
221654
233070
242875
249964
255772
260867
261991
263617
262702
260723
259096
254027
248536
244272
238315
230911
224082
216255
209083
200437
194023
185451
177442
170045
162489
154593
147326
140089
133035
127278
120137
113716
107798
102380
96804
90913
86358
81495
76843
72618
68218
65011
60822
57447
53630
50449
48015
44846
42252
40053
37569
35277
32930
31044
28671
27357
25622
24200
22676
21370
19910
18732
17665
16420
15758
14478
13549
12688
12018
11426
10733
9826
9389
8886
8331
7557
7204
6699
6387
5750
5588
5167
4992
4567
4281
3984
3803
3539
3425
3069
2902
2732
2657
2471
2240
2209
1990
1838
1776
1666
1563
1503
1356
1237
1164
1161
1011
997
950
895
818
779
733
666
636
543
577
503
485
444
433
386
381
331
352
292
319
264
224
230
222
172
191
193
186
166
162
137
160
116
121
105
111
81
89
98
87
71
87
66
56
61
50
40
44
42
49
40
39
30
34
28
35
24
33
19
18
24
24
16
23
18
10
12
7
9
15
17
6
14
10
15
2
8
5
4
9
4
6
1
2
6
4
4
2
5
6
4
6
1
0
1
3
4
2
2
0
0
2
2
1
0
1
2
0
3
0
1
0
0
2
0
0
1
0
0
1
0
0
0
0
2
0
0
1
0
0
1
0
0
0
0
0
0
0
0
0
0
0
0
0
1
0
0
0
0
0
0
0
0
0
1
0
0
0
0
1
0
0
0
0
0
0
0
0
0
0
0
0
0
0
0
0
0
0
0
0
0
0
1
0
0
0
0
0
0
0
0
0
0
0
0
0
0
0
0
0
0
0
0
0
0
0
0
0
0
0
0
0
0
0
0
0
0
0
0
0
0
0
0
0
0
0
0
0
0
0
0
0
0
0
0
0
0
0
0
0
0
0
0
0
0
0
0
0
0
0
0
0
0
0
0
0
0
0
0
0
0
0
0
0
0
0
0
0
0
0
0
0
0
0
0
0
0
0
0
0
0
0
0
0
0
0
0
0
0
0
0
0
0
0
0
0
0
0
0
0
0
0
0
0
0
0
0
0
0
0
0
0
0
0
0
0
0
0
0
0
0
0
0
0
0
0
0
0
0
0
0
0
0
0
0
0
0
0
0
0
0
0
0
0
0
0
0
0
0
0
0
0
0
0
0
0
0
0
0
0
0
0
0
0
0
0
0
0
0
0
0
0
0
0
0
0
0
0
0
0
0
0
0
0
0
0
0
0
0
0
0
0
0
0
0
0
0
0
0
0
0
0
0
0
0
0
0
0
0
0
0
0
0
0
0
0
0
0
0
0
0
0
0
0
0
0
0
0
0
0
0
0
0
0
0
0
0
0
0
0
0
0
0
0
0
0
0
0
0
0
0
0
0
0
0
0
0
Sum of frequencies: 9999611
Number of threads: 128
Execution time: 50725ms
