Starting Synchronized Collector
0
0
0
0
0
0
0
0
0
0
0
0
0
0
0
10
91
388
998
2442
5017
8915
14616
22393
32107
44441
57693
73822
91107
108491
126244
144620
162711
178952
195504
208608
221856
233140
241953
250238
255615
259826
262830
263477
262593
261196
257992
254834
249484
243283
237415
231438
224623
216783
208803
201839
193906
185258
177477
169850
162440
155163
147225
140322
133663
126896
120175
113974
107771
101808
96719
91206
86440
81342
77220
72537
68518
64642
60795
57237
53553
50729
47802
44786
42549
39985
37382
35576
33225
31279
29119
27162
25744
24026
22566
21061
19897
18811
17620
16372
15406
14637
13776
12718
12090
11398
10402
9814
9268
8742
8121
7559
7208
6712
6405
5919
5654
5273
4841
4512
4275
3989
3774
3481
3312
3188
2974
2753
2604
2378
2319
2029
2075
1874
1741
1610
1533
1439
1359
1237
1182
1116
1118
983
933
825
836
774
718
653
616
572
558
524
476
450
444
417
363
363
322
336
294
300
259
260
227
236
186
170
200
150
141
146
141
113
101
90
107
95
100
100
79
76
70
67
50
64
62
64
53
50
29
46
36
44
29
31
29
23
23
19
22
17
21
21
9
15
17
12
17
12
21
8
11
8
8
11
6
5
7
3
7
3
7
7
5
5
3
3
3
4
2
5
3
1
3
1
1
1
3
1
0
0
0
1
3
0
0
0
0
2
0
0
0
1
0
0
1
0
1
0
0
1
2
1
1
0
0
0
0
0
0
1
0
0
0
0
1
0
0
0
0
0
0
0
0
0
0
0
0
1
0
0
0
0
0
0
0
0
0
0
0
0
0
0
0
0
0
0
0
0
0
0
0
0
0
0
0
0
0
0
0
0
0
0
0
0
0
0
0
0
0
0
0
0
0
0
0
0
0
0
0
0
0
0
0
0
0
0
0
0
0
0
0
0
0
0
0
0
0
0
0
0
0
0
0
0
0
0
0
0
0
0
0
0
0
0
0
0
0
0
0
0
0
0
0
0
0
0
0
0
0
0
0
0
0
0
0
0
0
0
0
0
0
0
0
0
0
0
0
0
0
0
0
0
0
0
0
0
0
0
0
0
0
0
0
0
0
0
0
0
0
0
0
0
0
0
0
0
0
0
0
0
0
0
0
0
0
0
0
0
0
0
0
0
0
0
0
0
0
0
0
0
0
0
0
0
0
0
0
0
0
0
0
0
0
0
0
0
0
0
0
0
0
0
0
0
0
0
0
0
0
0
0
0
0
0
0
0
0
0
0
0
0
0
0
0
0
0
0
0
0
0
0
0
0
0
0
0
0
0
0
0
0
0
0
0
0
0
0
0
0
0
0
0
0
0
0
0
0
0
0
0
0
0
0
0
0
0
0
0
0
0
0
0
0
0
0
0
0
0
0
0
0
0
0
0
0
0
0
0
0
0
0
0
0
0
0
0
0
0
0
0
0
0
0
0
0
0
0
0
0
0
0
0
0
0
0
0
Sum of frequencies: 9999890
Number of threads: 64
Execution time: 61457ms
